491 4.996712
948 4.995162
552 4.993204
70 4.992681
116 4.989238
932 4.986164
77 4.984118
637 4.978695
745 4.970578
664 4.967755
168 4.964068
814 4.961450
938 4.961370
333 4.956659
812 4.952438
15 4.951765
765 4.944738
103 4.944285
219 4.939205
791 4.937170
88 4.933812
590 4.932004
487 4.922680
357 4.916523
894 4.907486
282 4.907209
341 4.896297
613 4.876388
50 4.873880
489 4.861413
25 4.851512
402 4.842336
537 4.835737
711 4.830442
352 4.823537
323 4.817880
237 4.810453
825 4.808875
935 4.805974
22 4.805779
100 4.803064
977 4.802755
475 4.802007
829 4.798125
474 4.796264
660 4.791786
754 4.785415
215 4.779950
344 4.778598
698 4.774275
666 4.761678
826 4.755989
84 4.750023
299 4.746939
142 4.746130
434 4.744102
127 4.741805
612 4.741291
23 4.734113
524 4.733172
11 4.729843
868 4.720879
479 4.709602
179 4.706852
3 4.706353
968 4.699461
493 4.696690
424 4.692092
625 4.690751
691 4.689391
974 4.689311
901 4.688992
775 4.675949
716 4.673314
551 4.665853
648 4.665637
941 4.663376
413 4.662932
817 4.662234
109 4.659444
987 4.658879
671 4.646732
139 4.635368
859 4.634007
140 4.631770
515 4.631685
722 4.631359
803 4.631071
549 4.629380
191 4.622480
517 4.621942
592 4.617903
383 4.614512
458 4.612484
437 4.608535
462 4.605943
104 4.600307
692 4.597230
509 4.596790
496 4.594772
86 4.591758
624 4.591580
89 4.582820
107 4.576387
96 4.575687
334 4.571857
929 4.570443
979 4.553048
889 4.551662
472 4.550722
820 4.545622
797 4.543700
647 4.539696
539 4.538678
167 4.532812
876 4.527167
689 4.510696
620 4.499288
900 4.497334
630 4.496679
185 4.494795
839 4.494352
177 4.490620
412 4.489478
618 4.487857
694 4.487663
824 4.484013
226 4.476350
2 4.471155
432 4.470895
12 4.469795
206 4.467646
171 4.465106
933 4.460318
568 4.459163
288 4.444820
823 4.443296
33 4.442904
911 4.439281
849 4.436751
887 4.431387
7 4.430907
982 4.426708
525 4.424892
428 4.416336
221 4.414939
208 4.409790
804 4.403710
331 4.395601
468 4.395128
904 4.394728
726 4.393600
243 4.392582
875 4.386180
914 4.385505
651 4.374804
381 4.369624
280 4.368024
35 4.361378
146 4.357543
852 4.356174
514 4.351439
82 4.348475
79 4.341984
433 4.338832
232 4.336024
996 4.333254
645 4.326023
126 4.322410
888 4.316449
315 4.304926
806 4.303814
480 4.291365
884 4.289489
658 4.283675
188 4.279127
878 4.276161
821 4.272997
17 4.267492
598 4.264614
753 4.260295
843 4.259750
8 4.257104
27 4.254672
510 4.252483
907 4.251917
306 4.250610
94 4.243659
501 4.241801
24 4.235785
538 4.230055
772 4.225023
853 4.216281
766 4.208133
807 4.199631
905 4.197330
375 4.192429
984 4.191235
575 4.182667
818 4.170982
294 4.164447
63 4.164174
38 4.161489
376 4.156866
130 4.154963
301 4.153468
141 4.151529
249 4.146809
113 4.144434
707 4.141348
669 4.140498
39 4.137111
99 4.133682
117 4.127316
244 4.121870
654 4.120409
427 4.118666
360 4.118604
123 4.117123
435 4.112909
406 4.110996
920 4.110384
257 4.108715
324 4.107515
313 4.097097
922 4.096723
579 4.091103
985 4.085423
767 4.084202
576 4.081981
830 4.081751
781 4.060011
564 4.058865
790 4.042300
153 4.032447
346 4.029106
991 4.026869
378 4.023338
192 4.020001
506 4.016445
459 4.016373
554 4.015584
227 4.013446
56 4.011392
92 4.010588
610 4.010271
466 4.008872
644 4.008468
936 4.008447
896 4.006848
52 4.006477
150 4.002205
550 3.995399
228 3.991632
578 3.986083
391 3.982227
831 3.982196
993 3.975680
248 3.975614
322 3.968276
908 3.967619
937 3.963287
278 3.963192
773 3.962362
798 3.961863
891 3.958894
943 3.950932
93 3.947774
67 3.943844
91 3.938003
981 3.927794
574 3.925637
555 3.923433
535 3.918918
349 3.917206
886 3.914466
253 3.914295
827 3.913574
898 3.912603
870 3.910231
431 3.910184
548 3.906624
414 3.901927
256 3.900643
714 3.898574
864 3.897895
345 3.896354
951 3.890774
731 3.885075
225 3.883053
222 3.882919
562 3.881247
269 3.875474
14 3.867136
705 3.864066
111 3.863847
577 3.854465
785 3.852001
542 3.851798
683 3.849648
520 3.845568
178 3.844988
309 3.839142
709 3.836070
213 3.825981
740 3.824360
300 3.796880
964 3.795116
846 3.793846
41 3.789167
259 3.782010
988 3.780865
62 3.778554
504 3.770903
595 3.765106
490 3.760278
241 3.751078
443 3.749659
396 3.748889
482 3.748731
796 3.744306
939 3.744223
464 3.743437
833 3.734630
430 3.732368
144 3.732055
789 3.727854
363 3.722237
857 3.717544
136 3.705594
486 3.699347
819 3.697182
199 3.697007
960 3.691081
158 3.681598
163 3.679610
949 3.678701
650 3.678133
36 3.675676
499 3.671882
87 3.670312
230 3.667131
967 3.666014
436 3.662439
348 3.661446
420 3.659257
246 3.653787
693 3.646962
926 3.642722
866 3.636760
85 3.634116
672 3.631181
923 3.624198
240 3.622880
844 3.619735
195 3.617259
973 3.614130
966 3.610500
633 3.610014
10 3.607469
627 3.591818
528 3.588959
197 3.586626
770 3.585627
795 3.585277
540 3.568933
505 3.562683
668 3.561738
604 3.557296
372 3.542805
266 3.529232
667 3.522911
407 3.518820
410 3.516852
634 3.512659
355 3.508480
321 3.505799
261 3.492139
571 3.482094
231 3.478928
594 3.476038
622 3.466846
132 3.454694
614 3.449833
955 3.447192
626 3.445564
881 3.437579
587 3.436471
21 3.435878
879 3.435075
885 3.433683
918 3.422460
862 3.420786
320 3.414143
581 3.410461
339 3.406231
387 3.405729
366 3.397582
762 3.397349
173 3.392836
990 3.392041
728 3.391694
106 3.383029
361 3.380312
1 3.378025
281 3.376623
704 3.368707
769 3.362027
697 3.361622
279 3.361598
452 3.361448
747 3.359553
138 3.358995
942 3.357765
670 3.357568
105 3.357255
429 3.354420
615 3.350107
398 3.348869
565 3.341411
784 3.339671
204 3.337406
154 3.336174
607 3.325975
636 3.322364
500 3.319227
351 3.311407
880 3.301567
544 3.298652
392 3.288671
919 3.288041
238 3.283405
495 3.274028
494 3.263954
635 3.262529
212 3.262321
910 3.261167
673 3.256048
616 3.255023
536 3.251195
712 3.250999
975 3.248903
478 3.248570
699 3.240130
147 3.230503
606 3.222546
485 3.217332
675 3.215866
119 3.214875
220 3.212615
353 3.193675
247 3.192121
629 3.188582
347 3.181630
757 3.179345
371 3.174245
5 3.174171
385 3.173150
338 3.169477
404 3.162083
543 3.161617
805 3.160011
526 3.159603
47 3.156765
546 3.156288
569 3.152707
947 3.150294
940 3.149323
9 3.146642
863 3.146421
175 3.146335
403 3.138285
556 3.138238
742 3.133693
421 3.132988
457 3.129090
405 3.127870
892 3.122331
953 3.121566
467 3.116463
811 3.100550
423 3.095299
101 3.093983
593 3.090705
37 3.084320
445 3.078436
721 3.078398
418 3.068743
74 3.064891
665 3.061746
764 3.058187
883 3.056482
151 3.055878
676 3.054204
312 3.050282
931 3.043671
999 3.041418
202 3.041161
172 3.039531
684 3.033531
602 3.029415
838 3.016987
632 3.015030
893 3.014393
997 3.002543
989 2.992169
450 2.986587
20 2.974798
946 2.974067
518 2.970371
481 2.969819
956 2.963731
600 2.962550
662 2.957339
417 2.955737
44 2.948586
284 2.941573
638 2.924009
337 2.923613
483 2.920223
469 2.919024
573 2.916281
362 2.908176
217 2.907140
656 2.905174
149 2.898197
316 2.894291
800 2.893035
45 2.883980
845 2.879383
365 2.875076
326 2.870684
332 2.869457
700 2.868274
583 2.867869
53 2.864006
59 2.860037
201 2.850065
779 2.846229
913 2.836341
710 2.823992
181 2.821198
751 2.820926
290 2.816920
761 2.813673
408 2.811154
83 2.809707
236 2.809235
682 2.802514
330 2.797548
203 2.786538
653 2.785632
274 2.785532
532 2.779044
553 2.777772
832 2.771567
588 2.770313
210 2.768163
995 2.767319
858 2.764481
945 2.755815
19 2.753911
836 2.751979
703 2.744414
516 2.734017
917 2.720380
368 2.717149
134 2.712687
31 2.710979
738 2.708617
393 2.699368
308 2.698985
328 2.676273
776 2.674556
718 2.658842
318 2.655750
559 2.655051
145 2.647609
60 2.646302
589 2.645977
336 2.641098
611 2.629068
848 2.629050
216 2.627293
810 2.627066
159 2.619646
264 2.617678
782 2.612436
268 2.596649
786 2.576732
102 2.575055
840 2.572461
780 2.568814
934 2.568145
685 2.561026
906 2.539076
42 2.526597
340 2.525549
444 2.521871
43 2.521625
965 2.517856
211 2.514980
816 2.513873
522 2.509614
837 2.509015
746 2.505228
235 2.502339
916 2.501382
449 2.497828
749 2.496059
928 2.490068
124 2.480625
350 2.478331
850 2.477976
131 2.474056
521 2.469716
755 2.466136
184 2.463884
730 2.460278
778 2.459026
310 2.458025
343 2.451763
377 2.451004
732 2.450901
176 2.448890
586 2.445971
794 2.445504
399 2.443925
545 2.443099
275 2.437269
277 2.424583
198 2.422901
687 2.417303
40 2.416005
120 2.403760
166 2.401293
61 2.396250
717 2.393804
674 2.392171
224 2.391973
507 2.391572
251 2.386408
160 2.384977
262 2.384019
788 2.381492
534 2.376981
401 2.375608
557 2.373968
242 2.370821
419 2.367684
809 2.357151
252 2.356751
317 2.346918
756 2.343617
497 2.339948
298 2.333715
390 2.322960
976 2.316821
161 2.310889
16 2.305603
218 2.301835
733 2.287136
6 2.285859
194 2.279623
394 2.275423
382 2.273256
584 2.270681
28 2.270673
245 2.261537
293 2.261329
963 2.257976
822 2.256586
260 2.248200
952 2.247226
379 2.239995
223 2.222669
958 2.220006
263 2.211734
143 2.206326
591 2.199477
729 2.197445
925 2.197278
239 2.194182
68 2.189573
122 2.187548
484 2.180830
190 2.175202
193 2.164591
954 2.161804
512 2.160749
695 2.158844
152 2.147798
69 2.146427
596 2.145517
422 2.138698
563 2.124000
680 2.122874
135 2.122075
129 2.118769
872 2.117646
329 2.116309
895 2.113524
530 2.107696
877 2.106877
384 2.103717
289 2.102506
735 2.102423
354 2.097311
842 2.093072
170 2.083564
463 2.082808
388 2.081460
78 2.076417
861 2.068032
180 2.063475
342 2.062025
531 2.051573
426 2.039038
81 2.037862
470 2.031498
311 2.021601
186 2.017467
307 2.013964
741 2.012562
441 2.011973
748 2.008478
677 2.006271
425 1.998217
961 1.997457
663 1.995774
121 1.992752
358 1.992234
303 1.980829
743 1.980589
473 1.977438
71 1.977020
291 1.971028
724 1.964160
30 1.961606
502 1.953897
643 1.951687
465 1.943357
950 1.935497
720 1.934020
373 1.925834
865 1.922868
834 1.920575
978 1.914116
477 1.913087
314 1.912436
137 1.909761
924 1.901362
734 1.897073
447 1.895133
855 1.887751
902 1.886776
34 1.883879
182 1.881807
296 1.876345
295 1.858504
125 1.856745
453 1.851095
13 1.851007
642 1.839231
969 1.834921
702 1.823332
639 1.821829
439 1.804474
869 1.800792
304 1.800407
267 1.798096
118 1.796467
440 1.794491
890 1.788895
205 1.782975
72 1.772817
909 1.770052
744 1.765632
48 1.750921
860 1.749751
760 1.745274
18 1.745270
73 1.738625
297 1.737391
411 1.735853
998 1.735529
492 1.734438
659 1.730636
547 1.730583
49 1.727309
739 1.726056
80 1.719762
207 1.719665
55 1.715595
513 1.709666
597 1.706091
655 1.704582
370 1.701742
696 1.692709
986 1.691834
415 1.687830
628 1.687701
631 1.686025
983 1.683477
112 1.679190
234 1.671952
759 1.670717
4 1.669850
608 1.669277
76 1.667578
438 1.645255
708 1.642758
364 1.640321
725 1.639459
529 1.635515
959 1.633468
771 1.629453
582 1.626517
813 1.622595
75 1.615498
688 1.609241
200 1.593672
327 1.592948
992 1.592549
380 1.587099
397 1.580374
601 1.572501
97 1.571446
66 1.565654
451 1.565143
187 1.561390
254 1.561207
572 1.558215
661 1.553219
233 1.551001
570 1.544207
609 1.539002
713 1.536140
621 1.534448
183 1.524392
128 1.516042
970 1.513130
498 1.512565
114 1.509078
374 1.494270
448 1.492979
488 1.490740
511 1.480821
359 1.480462
646 1.474775
640 1.473850
283 1.472300
605 1.467795
57 1.462912
90 1.462125
527 1.454489
560 1.450536
461 1.437889
305 1.435726
930 1.429466
828 1.428143
456 1.424474
736 1.424358
856 1.424271
957 1.421802
32 1.419554
774 1.412190
250 1.409912
272 1.408898
619 1.408134
793 1.403251
174 1.402103
802 1.400287
678 1.398411
471 1.394095
882 1.386866
533 1.386111
286 1.376769
26 1.371230
603 1.370474
229 1.368339
599 1.367821
416 1.363060
706 1.362655
649 1.359295
157 1.355488
287 1.354343
273 1.351626
156 1.350589
454 1.350108
54 1.347755
841 1.346587
108 1.340552
585 1.335660
851 1.335536
715 1.334841
302 1.334443
209 1.331634
652 1.328779
476 1.325871
165 1.316142
51 1.312192
265 1.307641
944 1.306881
752 1.298403
98 1.290542
189 1.288045
110 1.282672
623 1.279621
873 1.276321
64 1.274412
558 1.272604
690 1.272011
446 1.270179
196 1.266233
750 1.264760
962 1.262584
214 1.261069
657 1.260563
758 1.258266
777 1.258075
455 1.258013
723 1.254713
871 1.253532
994 1.249763
801 1.248968
567 1.242724
727 1.240518
763 1.238119
442 1.229830
927 1.229041
921 1.226519
271 1.223503
783 1.214812
29 1.207590
335 1.204536
255 1.200327
164 1.196604
319 1.189589
737 1.189309
808 1.189288
276 1.187864
95 1.186088
915 1.183346
768 1.182208
617 1.177039
460 1.176857
971 1.176600
847 1.167646
58 1.166946
367 1.165985
258 1.164383
580 1.163647
508 1.154912
686 1.154782
719 1.151421
561 1.150347
681 1.146475
503 1.142962
787 1.127886
386 1.127233
874 1.126101
972 1.122962
369 1.121420
899 1.112542
162 1.109400
169 1.102165
897 1.101560
679 1.099787
835 1.098873
389 1.093611
566 1.088311
270 1.086882
815 1.086007
701 1.083348
523 1.079475
155 1.079036
292 1.074806
980 1.073001
409 1.071311
115 1.068780
541 1.061097
148 1.056994
46 1.056295
400 1.044587
903 1.042803
854 1.037180
133 1.036991
65 1.036923
395 1.030389
867 1.026877
356 1.024747
799 1.024388
519 1.020161
792 1.018112
285 1.010970
912 1.006059
641 1.004572
325 1.001777
